2
45 14
98 37
7
24 90 52 37 85 75 30
1 65 80 9 4 36 63
6 21 98 -18 14 78 88
17 92 34 19 54 40 35
48 43 8 42 22 99 72
62 -89 23 12 20 55 84
94 32 71 76 74 -44 97
10
-90 95 142 156 160 67 87 -179 99 137
93 -56 121 -197 12 60 152 19 114 -40
75 12 58 78 106 51 199 8 117 79
44 94 128 143 -72 3 10 1 158 92
150 136 21 103 110 27 108 141 32 198
157 195 149 159 125 162 176 168 130 16
70 77 -131 59 2 23 138 30 169 -26
-144 148 83 126 161 151 11 39 20 180
124 183 166 145 -193 42 68 123 4 71
47 186 -82 22 6 35 104 192 177 15